-0.0004117552538703652
-0.0022005629703482667
-0.005637111945119
-0.008508207526889725
-0.006961403836246138
-0.00037696296324285484
0.00549195991066055
0.003828134022559271
-0.003541629331746648
-0.006271936854317565
0.0007656418064318525
0.008025107850443499
0.003369889335487059
-0.008206013204920714
-0.008585723836131997
0.005809220627959144
0.01390351960490267
-0.00011257104666066737
-0.017751892390193383
-0.009041533447465578
0.018164359203061864
0.021094396882056773
-0.01292498785907307
-0.034799773558235304
-0.0006235651863995896
0.04840821684199907
0.027139106785120184
-0.059978973023938925
-0.08220931010867867
0.06774833981643534
0.30999537280732714
0.42951451981666044
0.30999537280732714
0.06774833981643534
-0.08220931010867867
-0.059978973023938925
0.027139106785120184
0.04840821684199907
-0.0006235651863995896
-0.034799773558235304
-0.01292498785907307
0.021094396882056773
0.018164359203061864
-0.009041533447465578
-0.017751892390193383
-0.00011257104666066737
0.01390351960490267
0.005809220627959144
-0.008585723836131997
-0.008206013204920714
0.003369889335487059
0.008025107850443499
0.0007656418064318525
-0.006271936854317565
-0.003541629331746648
0.003828134022559271
0.00549195991066055
-0.00037696296324285484
-0.006961403836246138
-0.008508207526889725
-0.005637111945119
-0.0022005629703482667
-0.0004117552538703652
